-636.819603474 264.687465644 -779.884217044 388.161249248 -781.877121895 363.000825505 -790.893617995 369.504724691 -798.709371619 313.491823715 -786.496417926 304.682213118 -796.295412908 180.969901472 -764.610594778 174.217399247 -768.356557269 207.93106167 -736.515876092 224.787892882 -717.786063634 136.757774333 -798.621340152 151.60507002 -806.820180417 48.0947116706 -678.2635907 43.8186877637 -676.365237072 46.18108339
&
-692.362418276 -42.2101212314 -707.29582653 -23.4050886155 -687.718055342 -7.85803502546 -690.267087857 -5.80970532556 -810.772354248 -1.80148294561 -846.201083827 -449.089193875 -789.952528875 -444.462689355 -799.105856671 -469.812983809 -769.610188171 -469.036782006
&
-517.171526698 161.423630012 -523.800835231 38.6809780862 -451.988496644 36.2923702576 -448.19256911 53.3740441618 -438.579963652 37.4635247831 -429.237878713 85.5313464353
&
-548.824157213 -424.629619824 -528.056783688 -422.921480876 -518.970314487 -376.168878662 -546.256758458 -377.093842864
&
-543.54976026 -326.973361085 -524.958205389 -326.343138886 -541.62253937 -291.290574305
&
-541.31971808 -285.683792226 -504.461946091 -301.518983154 -454.46920132 -44.2913562128 -469.803891176 -43.8769051356 -463.024182034 -13.3682139957 -526.497974344 -11.2569612472 -535.974594123 -186.718012302 -497.812276259 -266.990474016 -532.360920307 -249.076362287 -539.485066208 -251.714934843
&
-582.666991413 -124.127984721 -590.467106045 -130.3221934 -582.804795906 -126.679455793
&
-570.769542011 629.642042539 -759.755795562 642.282570463 -771.304324564 496.482391808 -716.768606031 478.412347757 -721.682819013 565.230110431 -696.72277287 566.642943231 -697.153743301 591.639228245 -592.699019981 593.44017175 -591.837079119 543.447601723 -670.2932437 542.09490923 -667.643550771 495.283667486 -598.492184405 492.571849197 -599.298667233 472.006537075
&
-614.876158048 385.934299689 -621.910486413 394.308500123 -765.673485924 441.943404439 -626.481175224 321.811662412
&
-506.656026527 356.119708937 -513.763219289 224.5289581 -418.245380253 142.091039364 -400.93543189 231.155901879 -418.228096813 264.693191425 -391.765494965 278.337970503 -384.514057069 315.648787714
&
-608.920879216 442.677727827 -609.239609826 442.954884879 -609.826845701 442.977913737
&
-691.366894362 469.995661204 -691.319942353 471.192937439 -694.446228391 471.015977852
&
467.220768392 86.105420709 389.14585259 419.577942438 32.2413892329 355.545082835 13.018632017 391.028600086 11.2815491944 387.306279752 -29.3708981561 406.277421849 45.6725471061 225.782592538
&
191.940188593 -126.020991262 225.204611556 -111.66673745 198.161120566 -28.0777652999 384.127257707 -43.0884848898 487.068365929 1.33263122857 480.590144965 29.0023207714 229.622147644 112.158881078 258.037165389 97.4251681726 273.021015355 65.5844869952 211.212634246 48.7276557837 207.67751261 119.430088507 86.9562892593 159.43025505 80.6829593173 141.575392907
&
490.438587984 -51.6696684996 499.651746088 -52.4133314856 498.64821279 -48.1270536681
&
-475.384328304 -413.98466647 -58.7687788727 -234.206849643 -79.8852233232 -215.982026414 -109.067158773 -219.108662355 -96.1487243149 -201.945599432 -126.716756179 -175.563460219 -179.964104615 -182.508766537 -213.653289822 -100.531749202 -385.618883023 47.8854024081 -391.13644662 19.4958871494 -382.291612151 13.1158132186 -396.454389085 -15.5824453062 -397.944364334 -15.5328860436 -427.438420233 -167.288626655 -348.618171441 -141.015210391 -332.80678314 -188.449375293 -413.272722377 -215.271355038 -428.111892713 -170.753844028
-309.648182649 -129.937403011 -302.316145164 -151.933515466 -278.103821849 -145.707489471 -265.762912332 -193.69991537 -307.707056824 -199.170890738
&
-359.109708982 -418.266494583 -322.134418526 -420.032830114 -315.234656917 -399.333545286
&
-296.054578151 -391.056963455 -176.143071801 -442.574499516 -183.986408602 -466.342186791 108.198665731 -584.340005272 289.788847116 -535.034061982 93.149762008 -365.322130871 90.7812755584 -396.244037297 -23.4272061537 -300.404751944 -21.9455004601 -274.623072875 -11.4863205179 -275.01459298 -16.7037842664 -270.511592735 -231.687396312 -363.28125647 -144.514182503 -346.72938043 -173.665464508 -435.066598627 -275.580257917 -382.221890934
89.7189979345 -410.11266183 80.1039470454 -535.642492883 -78.6751291676 -334.228294354 -49.6819864051 -328.723267247
&
-17.8562453425 -203.470033829 -16.2503061443 -175.52669178 -32.5140268154 -190.819444053
&
-57.8338379484 474.73661161 -23.6996559939 458.807326697 -99.158598016 598.097889487 -109.408177213 598.783442481
&
145.694993555 -145.976703942 146.027989533 -145.833009618 72.2215294572 31.6866174057 15.9376954015 42.6306962498 -8.80217010887 78.5910759851 3.31171597057 91.8062244354 61.7173872733 56.951227045 8.27033408016 185.502317811 -109.112674969 224.396389466 -156.050305727 292.622104969 -17.1283027134 246.591232329 -96.5556828583 437.630321376 -96.775061136 437.732697906 -96.6815546887 437.933068864 -165.106425577 602.508873567 -253.453855469 608.418076663 -259.278701636 697.943429717 -297.963497803 498.898581063 -337.679382146 556.627200562 -326.662048627 613.314677302 -354.192398088 615.15607129 -311.661774207 732.945345605 -309.592554133 701.142332732 -279.675676987 855.073615145 -294.4923021 854.109591446 -318.006429657 862.599927437 -397.230598849 643.187265548 -492.988470637 782.375145559 -513.584944167 768.205273359 -538.16353069 772.776168732 -787.951568996 -570.382317948 -738.794395949 -579.524108694 -712.49208069 -438.09148366 -599.12046524 -428.766545593 -596.421475507 -378.794341747 -697.676745233 -382.226723772 -698.359144129 -362.095956361 -689.126223816 -312.448762047 -671.408773792 -263.379987817 -636.096220914 -279.234603395 -659.291497258 -330.896809796 -593.71447731 -328.673859968 -586.587127044 -196.709889889 -611.81992841 -143.633997359 -623.060641173 -129.479025731 -603.103938018 -74.2086024959 -581.44399831 -101.484082128 -576.481054952 -9.59443388789 -579.734380645 -9.48622241096 -575.901951503 1.12775420974 -565.014264442 202.714929795 -589.405934276 223.766479075 -578.821927492 280.678726081 -568.282170311 271.582250964 -561.434471287 268.995342444 -555.848560625 372.419324713 -561.417699015 374.264621314 -500.024608212 704.387118348 -442.708992996 621.076589151 -492.167085821 624.384641412 -503.861170117 407.866898842 -374.896257936 365.135241373 -366.400099077 408.850520289 -378.224411396 435.455223008 -405.118477358 474.115442828 -384.306630998 531.754199474 -351.639958686 484.795858026 -351.047693421 487.843239989 -311.331809077 430.11462049 -314.314383513 414.768382794 -286.954756225 353.209221395 -285.810152425 335.617158651 -234.659827568 318.668842057 -187.722196811 250.443126554 -282.307527777 281.783340695 -282.102208804 278.627677345 -347.308089601 245.005895058 -374.626384564 104.445095337 -289.394014181 30.8841846821 -265.932338885 30.1038070703 -264.590283611 9.477001001 -180.242512575 -63.3204446318 -114.112379086 -24.9736495015 -184.44462329 -22.6342722801 -191.034191369 -31.6200469329 -204.182784278 -21.9777454661 -212.455906975 -21.7025664923 -216.88822123 46.4201765129 -215.494313353 48.3209599811 -187.076056526 27.4809049747 -133.548562584 25.7004840388 -16.1774582152 -95.6980601855 18.6141331377 -49.4749459597 57.5761484136 -106.107786748 24.2153497825 -137.476895909 65.7757797714 -180.463419083 98.8978859261 -166.170577778 127.786425666 -208.161220719 102.926397296 -218.888812699 104.260257295 -220.268442404 101.375012514 -257.936915936 48.0910992221 -260.386751029 68.5094641331 -278.009087592 99.7480018062 -279.178444617 97.8949823585 -303.370642962 275.120856258 -456.327748544 239.383408105 -370.371878821 456.206242955 -685.532503814 497.399190014 -657.192759414 384.635928052 -493.286867581 237.064968041 -163.578776745 241.180334178 -161.046243738 240.664574034 -159.45207602 211.13719678 -172.193720989 283.542778218 -346.343948463
-154.821691659 202.620932118 -175.203265235 191.646238654 -198.908256387 235.66979365 -184.62688619 243.359762218 -179.13541162 237.961892327
-248.544656044 532.965815938 -250.234383241 558.936188298 -243.13733159 583.45327582 -174.701478381 563.642897259 -188.604382208 515.614684038
-612.809040461 97.9234607296 -598.316172309 86.277405965 -613.260336829 44.8892923335 -615.790441048 41.7407181938 -614.413738687 41.6949265917 -632.263044469 -7.73902436531 -632.45795438 -7.73254131032
