1452.9397367 -1570.19381076 1467.8217291 -1550.10584665 1212.57120226 -1361.00572772 1218.83645113 -1359.07918358 1362.35883097 -1407.26292161 1396.91937026 -1304.31925121 1494.04168194 -1274.45444865 1569.96585468 -1293.20952703 1581.22085137 -1247.64713076 2439.22852508 -983.812494538 2344.55845325 -675.939164254 1979.65866915 -788.144689621 1982.66107325 -755.150528407 2069.60793561 -751.1983983 2062.29503182 -590.314514899 2075.01819426 -553.425882866 2085.97053048 -538.530705611 2081.33201712 -535.120034027 2114.80669244 -438.065941837 1807.39800592 -332.038408755 1880.33383428 -36.7801156109 2124.77117219 -121.812096529 2177.68513555 30.2971240388 2241.0656021 178.351232255 1962.89273371 297.434224228 2087.6619957 802.524248679 1931.31167084 841.146501546 1976.99646273 995.580961076 1882.13978483 1023.64145743 2016.0590553 1073.99404027 1959.37953391 1224.74063014 1958.9867302 1385.79015111 1056.0004706 1383.5877456 991.726162702 1438.44552182 944.673597119 1383.31621664 668.559270759 1382.64276706 37.1952596152 1569.41282823 -8.48953227144 1414.9783687 -147.820329507 1495.74984536 -214.638427496 1380.48862633 -598.3074604 1379.5528482 -597.91465669 1218.50332723 -617.344731976 1173.11548733 -987.84919951 1302.00221586 -1040.76316287 1149.89299529 -1181.52809617 1071.64763727 -841.477072386 459.88917781 -972.137237795 417.326011868 -936.512632013 307.965799087 -1005.31571614 282.096385511 -1934.44000435 970.429983016 -1964.20398916 930.254054799 -1061.03246028 261.147331911 -1240.90065104 193.51831971 -1184.22112966 42.7717298466 -1278.25070066 -87.9781928165 -1085.41498844 -226.657122225 -1182.10080377 -217.85890224 -1196.69573546 -378.246216167 -1247.95243431 -530.921863614 -1120.34213647 -573.763552612 -1169.70347328 -576.00724974 -1162.39056949 -736.891133141 -1169.24977261 -760.65906952 -1512.35313518 -1236.95062461 -1471.78342466 -1266.17558976 -1202.84495367 -892.838757348 -864.830177463 -990.386645782 -816.776969853 -1139.68849378 -594.91502807 -1068.28162178 -291.347962756 -1155.88822452 -113.163588544 -1588.75497654 -90.0456043753 -1579.23873736 -89.8990577594 -1604.23830784 1453.08628331 -1595.19338124
1377.7912889 -1545.63389883 -73.3418066747 -1554.14039075 -229.988292218 -1173.59604891 186.991470085 -1293.93249038 223.369798951 -1167.87735082 642.838593738 -1469.54078603 736.868164745 -1338.79086337 784.203200659 -1492.72752851 1153.21409465 -1379.2578499
-752.915504509 32.8815817744 -657.142043391 -38.0713487147 -686.610670529 -34.8183184462 -694.986387044 -110.692456291 -845.975057454 -2.10807156498
-697.19876037 53.8306353744 -671.654674037 63.4350091047 -616.467631522 55.0927817479 -597.66992779 21.2753441512 -615.297656686 -6.84508051596
1671.30678239 -882.961916046 1691.1216841 -802.747374191 1877.12539019 -819.673347446
1223.16359655 -1020.76452322 1017.73409111 -951.797150428 1333.43636555 -907.609479638 1312.25139935 -993.370306637
1084.99085063 723.919784748 1097.4542908 667.919670013 1021.9815492 700.228787484
622.301128531 1060.42898426 659.658950323 1049.37779582 538.363020024 907.2609893 183.071508594 1059.35769251
1462.18538755 511.781975785 1390.66552912 833.131476695 1738.05545911 730.366609946 1662.84085633 425.883398702
-585.360992304 820.956747514 -579.717542712 750.727152585 -587.111065844 737.973325182 -600.350437538 738.994047716 -602.472037423 711.475649209 -607.748043653 702.374538462 -694.830586171 859.037739954
1574.80644987 69.5031508668 1570.06995241 50.3288960814 1564.70638914 51.1396672728 1559.42882992 74.8525361009
1183.65356356 205.572808021 1201.75619978 199.275476237 1223.23743089 102.757067938 1211.38187718 104.549186523 1159.00643705 143.060539558
