-259.468660563 -292.92985349 -398.630813027 -467.191518654 -359.560353476 -498.392467204 -108.655378994 -184.204177667 -78.3447264041 -180.673675519 -2.0 -349.0 59.2734000866 -279.332983463 353.557245456 -597.031818337 371.897858545 -580.042942226 393.489992981 -592.643725158 550.776542577 -323.124573676 932.470953854 -579.192498673 946.398836802 -558.43162016 971.168741039 -555.047562821 899.297637565 -28.9807229607 1072.26451786 -17.8840697444 1070.66393868 7.06464056901 1071.40477624 32.0536613523 890.225306052 37.4250025438 865.74716431 216.59490602 1097.65890363 613.988423531 1076.0667692 626.589206463 1067.57040538 650.101156656 818.803152053 560.205717386 796.477221005 723.622326089 771.707316767 720.23826875 755.409362329 739.1955017 533.951157964 548.802962114 559.195983118 619.385432441 538.933833622 626.720147191 654.370840125 771.272704179 634.835610349 786.873178454 620.916339756 807.63983216 416.901497306 670.894748572 161.187468401 763.460912882 -272.839916427 430.286364363 -129.679762066 304.537580128 -212.410738639 249.085466101 -610.096017053 515.881209074 -624.0239 495.120330561 -642.36451309 478.13145445 -346.776160812 159.024318266 -411.574315497 115.592041612 -517.259879468 77.4011219045 -508.763515648 53.8891717122 -508.867572201 50.3792641457 -711.781854319 -85.6281465713 -697.862583726 -106.394800278 -696.262004551 -131.343510591 -480.060491298 -117.473148743 -561.0 -300.0 -490.094279967 -331.591657441 -541.269961636 -375.588528209 -508.674052759 -413.502994109 -334.868824226 -264.078776801 -282.0 -309.0
489.296110145 644.68855388 475.212952529 649.786529487 514.276775164 675.969848442
-606.877080894 -75.5062496728 -453.58291152 27.2422746645 -243.67360783 21.0191938253 -238.311813879 6.19266794239 -470.0 -9.0 -458.270384357 -65.9724188359
-90.8119052481 270.396895085 -59.4400697905 242.840553129 -152.809060298 209.100395195 -167.529091825 218.975645704
-216.717205515 186.006315447 -212.42322367 188.884443818 -211.138206958 188.022362652
-304.727908599 187.208011641 -460.347885952 355.210048674 -257.304870484 218.994264215
655.411166198 -44.6272073763 534.424272437 -251.944902568 462.362556001 -203.600746473 527.0 -116.0 478.908564494 -55.9506940437
440.743833257 -8.29635395841 433.340276936 0.948086637262 536.957319549 -2.1237983205
849.271639478 -32.1901301699 914.092713515 -506.653661778 576.027644657 -279.855421775 715.554353458 -40.7687340592
-376.814997115 74.9883410642 -295.988785736 104.195994721 -265.887553889 71.6997281521
706.474472452 42.8725757178 392.305099886 52.1866050071 342.0 115.0 298.145846959 96.2053629823 310.0 122.0 241.342433381 231.302846058 356.551016099 330.350224812 470.949751348 372.656172187 474.516531364 382.628597946 777.634471408 492.164399007 813.873825318 226.907272446
763.381367392 41.1854841917 824.855627486 146.525009159 839.555612221 38.9271827486
1019.72687348 579.647789756 854.765362143 296.977169306 825.724749704 509.542476846
496.353976035 443.684310597 499.895779184 453.586903075 753.158001707 671.322063828 770.712873757 542.827639547
367.311120579 -538.302477363 75.5810870859 -223.36065097 82.1760621983 -161.976651846 185.0 -150.0 189.572808615 -140.049568454 375.0 -322.0 432.646171589 -243.874267451 509.173170358 -295.214054469
